19991101
20000327
20000428
19980227
20000508
20000427
20000502
20000101
20000422
20001226
20000214
19980101
20000705
20000522
20000811
20001021
20000622
20000421
20010609
20000831
19990210
20000801
19990527
19991124
20000315
20000425
20001120
20000711
20000911
19990308
19991027
20010426
20000223
20000406
20000714
20010304
20000607
20000830
20000304
20000310
19991022
20000228
19991231
20001002
19991115
20010208
19991115
20000527
20000509
20000728
19991019
20000605
20000418
20000412
20000109
20000612
19991225
20000125
19990721
19991015
20010107
19990221
20000312
19990708
20000405
19991031
20000726
19991227
20000525
20001030
19990212
20001101
20000922
20001205
20000804
20001030
19990827
20000109
20001220
20000331
19990909
20000704
20000322
20000726
19991127
20000806
20001222
20001201
20000524
20000708
20001129
19991110
20010115
19991019
19980512
19990207
20010212
19991211
20001104
19990911
20011108
20000122
20000219
19990408
20000715
20000328
20000808
20001012
19990310
19991102
20000726
19991224
20000418
20000615
19990326
20000202
20010222
20000211
20000712
20010302
19991215
20000514
19990805
20000401
20010705
20001227
19990824
20000318
19990820
19990906
19980408
19990216
19991022
20000522
20000801
20001231
19991017
20010711
20000522
20000115
20010306
20000403
19991005
20000608
20000412
19981120
20020207
19990918
20000503
20001006
20000623
20001209
20000130
20011129
20000227
20000812
20000411
20000920
20000406
20000521
20000323
20000420
20000715
20001215
20000708
19990921
19990706
19961020
19991230
20000403
19991119
20001103
20000514
20001020
19991110
20020202
20001206
20011014
20001012
20000208
20001011
19990921
20000513
20001007
20000726
20001203
20001115
20000312
20000726
20001115
20020407
20000315
20010915
20000205
19991031
19990909
19990926
20010117
19991215
20010212
19990816
20000810
19991021
19991227
19991124
20001013
20000727
19991116
20001010
19990921
20010430
20000314
20000626
19981221
20001023
20001111
19981229
20010305
19991009
20001227
20020102
20000116
20001129
19991213
20000327
19991223
20000225
20000831
20000925
20001021
20000713
20000929
20000913
20000119
20001008
19991203
20000519
20001008
19980626
20000726
20000329
19970321
20001015
20000916
20000202
20000511
20000301
20001113
20000426
20000115
20000613
20000313
20000126
20000809
20000605
20000623
20000213
20000607
20001014
20000229
20000405
20001207
20000429
19991020
20000628
19980127
20000811
20000926
19980601
20000530
19991221
20000504
20010103
19991228
19991201
20000212
20000229
19991222
20001024
20000120
20000119
19990324
19990708
20000702
19990620
20000203
19991226
20000323
20000126
20000515
20000603
20000527
19990920
20001228
20001006
20000311
20001001
19991228
20000201
19991026
19981019
19990626
20000205
20000409
20000506
19990920
19980312
20001006
20000323
19980302
19990909
19991101
19990408
19980702
20000918
20001004
20001120
20010214
20000302
20000216
19990622
19990313
19991220
20010420
20001115
20001019
20000203
20000228
20000104
20000626
20000813
20000925
20000509
20010203
19991117
20000716
19991222
19990506
20010223
19981212
20000103
20010227
20000220
20000224
20000120
19971206
19990525
19980915
19991223
20001205
20000215
20000113
19990707
20000526
20000301
19991201
20000705
20000813
20001223
20000307
20001017
20000411
19990912
20000711
19990822
19990610
20000426
20000308
20000508
19980703
20020520
20000714
20000725
20000421
20000629
19960315
19980930
19990924
19990407
20001029
20000710
20000523
19980829
20000714
19991221
20000515
20000221
20000828
19990917
20000103
20000727
19990903
19991219
20000120
19980531
20000524
19990308
20000126
20000417
20000923
20000412
20000501
20000305
20010618
20000605
20010505
20000821
20000110
20000514
20000108
20010116
20000611
20000906
20000215
20000320
20000521
19980730
20000720
20000828
20000511
19990802
20000628
19991121
20000105
20000501
20000128
20010202
20000429
20001018
20001014
20000625
20000209
19990902
20010330
19991224
19980826
20000226
20000816
20000204
19990124
20010506
20000809
20000306
20001116
20000727
20000418
20000531
20000526
20000417
19991210
20010309
20001219
20010217
20000721
19990917
20000503
19990404
19991005
19990204
19980126
20000728
20001027
20000617
20000316
19980515
19981230
20000108
19991219
19980926
20000326
19990526
20001127
20001109
20000519
20000926
20001229
20000213
19991219
20000623
20000203
20000511
20000706
20000417
19990709
20000425
19981226
20000323
19991102
20001009
20001201
20000910
19991209
20000608
20000126
20000318
19990727
20000128
19981226
19980711
20000221
19990402
20000707
19930910
20000511
20000801
20010807
20000112
19991008
20000419
20000728
19991203
20000809
20010417
20000512
20000202
20000121
20000509
20000531
19991212
19991103
20000619
19980926
20000302
20000818
20000826
20000113
19990605
20000903
19980922
20000211
19991105
20000130
20000304
20000511
19990915
19990408
20000410
20001115
19991110
19991112
19991115
20000517
20000111
20000226
19991208
20000902
19990613
19991215
19990803
19991028
20000812
20001227
20000611
20000803
20020609
19990729
20000123
20000606
19990920
20000117
20000307
20000117
19990426
19990607
20000612
20001016
20000728
20000329
20000420
19990721
20001028
20000817
20010804
20000427
19990318
20000416
19980419
20000613
20000512
20000328
20000429
20001001
19990319
20000730
20000316
20000801
20000201
19991106
20000214
20000517
19981109
20000405
20001107
19971224
20000827
20000422
20000625
20000928
20010715
20000419
20000319
20000905
19991114
19990304
20010524
20000820
20000318
19990719
20000605
20000525
19991105
20001001
20000208
20000825
20000822
20000414
20000121
20000204
20000608
20000920
20011213
19991117
20000730
20000609
20000825
19990717
20000126
19991028
19970314
19991025
20001211
20011231
19991208
20000117
19990711
20000408
20001125
20000405
19991214
19991016
19991015
20000309
19981014
20001013
19991208
20000107
20000308
20000119
19991205
19991220
19990824
20000420
20000826
20000201
19991206
20000214
20010115
20000107
20010429
20000824
20000617
19991129
19981129
20001120
20000628
20001212
20000126
19990420
20000320
20000202
19981223
19991011
19991218
20000108
20000212
20000513
19990719
20000310
19990707
19991007
20010116
19990927
20000223
20000124
20000720
20000916
20000401
20000519
20000601
20000806
20000309
20000529
19991009
19990608
20000610
20010329
20000710
19991215
20000805
20000615
19991103
20000627
19991113
20000626
20010203
20000608
19981103
20000730
20001105
20000206
20000310
19970623
20000715
19990930
20000412
20000414
19991203
20001219
20000524
19991007
20001018
20000220
20000414
20000315
20001225
20000825
20000515
20021201
20000916
19990626
20001125
19990718
19970102
20000807
19991213
20000922
20000816
20001203
20000724
20000128
20000308
20000910
20000114
20000425
20000519
19991108
19991029
20010730
20010406
19991020
20000217
19991005
19990903
19990818
19980519
20000430
20010219
19981126
19991015
20000109
20000202
20000303
20000721
20000107
19990627
20010312
20001002
20000319
19980313
20001217
19990917
20001212
20010308
19990716
19980409
20000511
20000906
19991018
20000726
20000827
20000524
20000429
20000910
20000529
20000324
20001125
20000317
20000520
20001016
20010220
19991117
20000908
20000217
19991104
20001025
20000208
20000511
20000126
20000422
20001211
20000104
20000728
19991205
20000810
19990617
20010110
19990903
19970829
20000511
20000608
20000514
20000729
20010626
20000723
20000914
20000506
20000107
20000103
20000104
20010210
19991224
20000404
20000515
20010125
19991023
19990312
20000511
20000502
19990625
19981001
19991123
20000124
20000831
20000218
19990817
20011013
20000901
20001109
20000609
20000524
20000228
20000514
20020716
20001124
20010208
20001103
19990824
19991031
19990805
20000307
19990603
20000322
19991105
20000831
19990512
20001110
19981115
20000918
20000515
19991128
20000601
20000222
20000127
19991220
20000729
20010208
20000502
20000622
20001110
20000724
20000906
19991109
20000310
19991019
20010811
20021227
20000328
19991120
20000605
20010515
20000207
20020803
20000928
20010404
19981103
20000305
19990926
20000630
20000531
20000406
20000520
20000925
19990210
20000723
20001023
20000207
20010608
19990430
19991028
19990114
20001205
20000916
20010320
19990318
20000704
19990511
20001120
20000514
20001116
20000121
20000122
20000822
19980824
19991212
20010323
19981110
19990703
19991110
20000914
19980503
20000417
20000223
19981111
20000511
19980308
19991218
20010501
20000608
20001128
20000213
20000824
20000108
20000411
20000527
19981224
19980806
20000419
19991011
20010311
19960502
20001216
20000607
19991106
20000317
20000808
20010912
20000312
19990409
19991105
20001222
20000114
19991202
19991129
20000229
20000318
20000925
20000728
20001004
20001012
20000124
20000101
20000201
20000228
20000615
20011012
19980427
19970826
19990727
20020601
19990419
20000106
20000106
20000216
20000809
20000510
20001207
19990926
20001013
19990507
20000613
20000605
20000713
20001017
20001016
19990110
20000429
20000731
20000402
20001007
20001102
20000630
20000310
20000125
20010116
20000612
20000726
19980801
20000825
20000628
20001005
20000817
20000425
20000714
20000912
20001016
20000127
19991020
20001201
20000229
20000612
19990408
20001011
20001018
20001008
20000114
20000420
20001029
19990424
20000605
19990506
20000101
20000508
20000811
20001215
20000307
20000916
20000924
20000221
19990917
20000112
19980324
19970226
19991222
20000511
20000622
19980305
20001130
20001116
20001129
20000222
20000516
19990410
20001201
20000313
20001005
20000405
20000124
19990616
19991215
20000620
20000404
20000527
20000706
20020115
20000409
20000727
19991213
19990801
19991101
20000717
20001102
20000716
20000526
19981112
19990101
20001008
20000424
20001014
20000511
20010218
20001024
20010620
19991124
20000120
20000408
20000313
20010223
20000116
20001019
19970428
20000111
20010410
20001215
19991102
20000301
20000410
20000924
19990405
20020104
19991225
20001228
20000828
20000623
20000508
20000520
20000412
19980315
20000510
20000530
19991020
19990227
20001019
19980826
20000603
20000130
19991226
19991230
20000719
20000115
19990521
20000312
20000320
19991008
20000115
19991216
19991203
20000220
20001103
19991009
20000529
19990211
19991124
20000706
20000831
19990523
19991030
20000525
20001005
20000818
20001113
19991223
19981024
20000919
20001114
20001026
20000819
20010114
20000430
20010509
20000215
20000825
20000605
19991214
19991215
20001118
19980528
20010111
20010403
19990725
19990915
19991219
19990523
20001121
20001021
20000419
19981204
20000404
20000727
20010421
20001227
20000924
20010301
20001121
19990217
20000827
20000508
20000320
20000508
19991009
20001006
20000627
20000129
20000812
19990110
20000217
20001029
20030714
20000731
19990714
19990729
20000915
20000326
19990705
20000102
19980919
19991211
20010301
20000411
20001025
20000524
20001115
20000722
19990202
20000401
20000315
20000312
19990620
20000207
20000228
20010609
19991201
19991002
20000612
20000216
19991207
19991121
20000214
19991126
20000508
20010202
20000101
20010517
20000311
20000209
19991019
20000628
20000331
20000819
20000207
20000503
20010425
19990629
19980828
20001218
19990913
20010202
20000619
19991203
19991006
20000103
20000120
19980930
19990622
20000809
20000812
20001208
20000605
19980620
19990316
20000916
20000620
20000904
20001218
20020303
20000914
20000930
20000505
19981109
19991012
19980103
20000101
20000412
20000820
19990616
19990810
20000120
20001207
20000710
19991223
20000418
19990507
19991210
20000701
19990501
19990413
20000103
19991224
20000628
19991227
20000625
20001216
20000813
20000613
19991225
20000823
20000904
19990515
19991015
20000819
20001027
19980728
19980523
19970516
20000204
20000815
20000513
20000327
19991118
19991206
20000930
20000127
20000325
19990411
20020723
20000928
20001101
20001015
20000609
20010402
20000210
20001231
20000308
19990520
19990802
20000329
19991129
20000630
20001104
19991122
20000309
20000408
20000422
19980914
19980810
19991225
19990423
20001225
20001011
19991112
19990727
20000207
20000124
19990708
19990728
20000114
20001228
20000118
20000102
20000223
19991118
20001023
19980710
20000524
20010102
20000801
20000412
19990302
19990912
20000131
20000618
20000614
20001021
20000509
19991112
20000320
20000825
20000719
20020128
19981230
19991011
20000524
19991029
20010218
20000619
20001227
20000718
20001031
20000724
20010312
20010608
19990707
20000528
20001124
20000211
20000421
20000106
19991027
20000228
20000428
20000121
20001008
20000805
20001005
20000801
20000421
20000227
20000728
20000705
20000428
20000306
20000114
19990919
19990626
20000220
20000329
19990612
20000510
20000702
20000416
20010627
19971025
20000819
19990831
20000428
19991216
20000127
20010201
19991108
20000326
20000716
19991126
19990806
19990411
20000531
19991115
20000812
20000831
19990914
19990803
19991219
19970901
20001023
20000409
20000731
20000814
19991124
20000222
19991015
20000922
20000830
20000306
20000108
20000104
20001006
20000927
20000304
20000714
19990503
20000619
20000314
20000531
20001219
20001217
19990826
20000601
20000909
20000331
19991001
20000808
19990303
19991025
19990601
19990809
19990926
20010901
20000719
20000803
20000427
19990901
20000114
20000518
19981105
19980321
20001106
20001208
20000926
20000828
20000919
20000124
20000504
19990705
20000110
20000713
20011229
20010107
20000909
20000824
20010102
20000814
20000811
19991004
20000222
20000605
19991130
20001121
19991026
20010201
20000613
19991228
19990808
20000809
20001101
19991225
20010501
19990612
20000922
20000406
19991012
20001129
20000124
20000503
20000616
20000126
20000621
20000912
19990922
19990812
20000316
20010806
19991018
19980624
19990815
19990828
19990907
20000505
20001018
20000218
20000829
19990525
19990214
19981106
20001227
20000102
19990423
19990914
19990709
19980809
20000117
20000810
20000715
19991228
19990925
20000229
20001223
19991130
20000206
20000925
20000702
20020404
19970527
19990504
20000921
20000803
20010303
19990409
20000525
20001007
19980101
19990528
20000208
20000715
19990616
20010204
20000330
20000529
19991024
20000602
20010414
20000303
20000512
20000412
20010427
19991228
20000731
20000708
20000917
20000424
20001110
20001105
19990623
20001004
20000318
19990821
19990825
20000523
20010724
19990214
20020905
20000503
20000123
20001108
20000304
19991218
19991217
20000627
20000729
20000711
20000711
19970901
20000128
19990413
20000704
19991114
20000610
20000328
20001104
20000401
20000319
20000417
19991020
20000522
20000831
20000118
20000307
19990912
19970815
19991005
20001114
19990629
19991209
20000228
19991218
20010308
20000912
19990914
20000326
20000828
20000731
20000417
20000320
20000626
20001210
19980527
19990506
20000610
20001031
20000306
19991010
20000622
19991121
20000910
20001226
20000228
20000303
20001209
19991024
19990124
19991105
20000302
20000529
19991227
20000727
20001125
19980905
20000818
20000509
20001125
20000622
20000720
20000109
19990708
19990827
19991230
20000803
20000805
20000924
20001029
20000306
20000509
20001013
20001106
19980324
20000826
20000215
19991228
20000207
19991103
20010218
19991110
19991107
20000123
20010409
20000522
20000708
20010623
20010519
20001227
19971206
19980302
20000127
19990223
19990821
20001023
20000302
20010319
20000629
20000922
20000717
20001130
20000806
20000401
20000622
20000201
20000419
20000311
19991126
19990307
20000826
20000102
20000620
19991123
19990530
19990914
20001010
19991111
19990723
20010625
20000516
20000215
20001123
20001020
20000115
20010510
20000726
20000517
20000720
20000609
20000206
20000516
20000721
20000618
20000906
19991028
20011220
19980915
20000525
19990326
19991201
20000628
19990320
20000331
20000530
19981203
19981129
20000530
20000812
20001225
19981006
20001219
19991126
20000731
20000630
19991211
20000324
19991002
20000912
19990121
20010120
20000718
19990328
20000406
19990507
20000105
20000518
19990802
20000605
19980112
19981205
20000212
19990115
20010322
20000921
19990626
19991121
20000913
19991128
20000804
20000411
19990608
20000726
20000309
19991221
20000622
20000407
19990814
19990620
20000308
20000430
19991027
20011201
20000131
20001224
20000123
20000520
20000502
19991026
20000608
19990830
19990201
20000701
19990517
20010210
19981007
20001025
20001001
20010705
20010602
20000330
20000731
20000709
20000529
20000113
20000625
20000803
20000815
19991227
20000606
20000525
20000725
20010122
20000602
19991223
20000320
20010102
20000827
20000401
20010830
19991222
20000418
20000722
20000403
20000102
19990512
19991223
20010117
20001106
20000426
19990214
20000809
20000205
20000405
19991116
19990709
20000506
20000111
20001027
20000211
19991108
20001220
20000505
20001129
20011216
19991005
20000101
20000409
20001021
19990404
19990128
19991201
20000101
20000512
20000310
20000825
20000316
20000831
19990907
19991106
20000306
20000315
20000412
20000408
19980927
19990920
20000921
20000408
20000729
20000307
19960401
19980325
19980312
20000226
19991022
20000702
20001004
20000109
19991105
20010220
19991215
19990813
20000128
19991129
20001007
20000906
20010106
20000801
19991121
19991026
19990701
19990818
20001027
19990910
19991105
20000519
20000530
19991109
20000804
20000102
20000623
20000711
20000916
20001101
20000803
20000504
20000906
20000408
20000310
20000215
20000918
20000815
20020310
20001201
20001113
20000228
20001220
19991226
20000102
20000702
20000926
20000125
19990504
20000615
20000125
19991218
20000515
20000101
19990319
19991107
20001011
20000101
20001011
20000926
20001120
20000716
20001220
19990802
19980925
19990505
19971030
19990807
20000413
19990923
20000124
20000801
20000622
19991015
19990423
20010327
20000308
19991127
20000226
20000808
19990712
20000111
19991220
19991220
20010110
19991126
20010130
20010605
19991001
19991012
20000426
19990915
19991117
19991124
19980205
20000627
19821022
20000410
20001001
20000629
20010123
20000109
20010104
19990102
20000126
19980215
20000830
19990707
20031026
20000219
20000618
20001021
20000101
19991002
20000119
20000821
19990326
19981002
20000808
20000712
20000310
19991101
19981027
19991011
20000924
20000412
20000121
